20
7 9
0 2 0 0 0 0 0 0 0 0 0 0 0 0 0 8 7 0 0 10
2 0 3 0 0 6 9 0 0 0 0 0 0 1 0 0 0 7 0 0
0 3 0 4 0 0 0 0 0 0 0 0 0 2 8 0 0 0 0 0
0 0 4 0 5 0 0 0 0 0 9 0 0 0 0 0 0 0 0 0
0 0 0 5 0 6 0 2 0 0 0 0 0 0 0 0 0 0 0 0
0 6 0 0 6 0 0 0 0 0 0 0 0 0 0 5 0 0 0 0
0 9 0 0 0 0 0 0 0 0 0 0 0 0 0 0 0 0 0 0
0 0 0 0 2 0 0 0 0 0 0 0 0 0 0 0 0 8 0 0
0 0 0 0 0 0 0 0 0 0 0 9 0 0 0 0 0 0 9 0
0 0 0 0 0 0 0 0 0 0 7 0 0 0 0 0 6 0 0 0
0 0 0 9 0 0 0 0 0 7 0 0 0 0 0 0 0 0 0 0
0 0 0 0 0 0 0 0 9 0 0 0 0 0 0 0 0 0 0 0
0 0 0 0 0 0 0 0 0 0 0 0 0 0 0 6 0 0 0 5
0 1 2 0 0 0 0 0 0 0 0 0 0 0 9 0 0 0 0 0
0 0 8 0 0 0 0 0 0 0 0 0 0 9 0 3 0 0 0 0
8 0 0 0 0 5 0 0 0 0 0 0 6 0 3 0 0 0 0 0
7 0 0 0 0 0 0 0 0 6 0 0 0 0 0 0 0 0 0 0
0 7 0 0 0 0 0 8 0 0 0 0 0 0 0 0 0 0 5 0
0 0 0 0 0 0 0 0 9 0 0 0 0 0 0 0 0 5 0 0
10 0 0 0 0 0 0 0 0 0 0 0 5 0 0 0 0 0 0 0
12 13 13 16 19 19 20 22 40 0 7 47 35 14 23 20 6 20 25 17